Area 1:

- Longitude: 72.792500 → 73.015833
- Latitude: 18.895000 → 19.318333

Area 2:

- Longitude: 73.070833 → 73.215833
- Latitude: 19.164167 → 19.265000

Area 3:

- Longitude: 72.790000 → 72.880833
- Latitude: 19.363333 → 19.477500